lambda	absorption
2500	 100.53096
2487	 94.487784
2475	 86.822193
2463	 79.592112
2451	 71.778531
2439	 65.433743
2427	 60.579534
2415	 55.677084
2403	 51.457795
2392	 47.544167
2381	 44.069378
2369	 40.844681
2358	 37.890963
2347	 36.14103
2336	 32.653196
2325	 30.483581
2314	 28.456257
2304	 26.670811
2293	 25.209464
2283	 23.888763
2272	 22.787608
2262	 21.943926
2252	 21.204354
2242	 20.738434
2232	 20.380941
2222	 20.133338
2212	 20.053927
2202	 20.144998
2193	 20.284975
2183	 20.665721
2173	 21.049971
2164	 21.660148
2155	 22.333734
2145	 23.199452
2136	 24.297335
2127	 25.52267
2118	 26.936412
2100	 28.723131
2100	 30.458487
2092	 32.617299
2083	 34.990373
2074	 37.565812
2066	 40.448384
2057	 43.98535
2050	 47.652853
2040	 51.189478
2032	 55.410765
2024	 60.162117
2016	 65.449844
2008	 70.717122
2000	 77.283175
1992	 83.901968
1984	 91.207524
1976	 99.208184
1968	 107.27389
1960	 115.405439
1953	 123.54035
1945	 130.509344
1940	 135.010587
1930	 136.732523
1923	 134.61634
1920	 128.616633
1908	 117.233431
1901	 98.494957
1894	 72.983142
1890	 48.680532
1879	 31.767034
1872	 21.548102
1865	 15.76692
1860	 12.782798
1851	 11.133899
1845	 10.08034
1838	 9.708512
1831	 9.402472
1824	 9.231873
1818	 9.193219
1810	 9.159364
1805	 9.259431
1798	 9.155698
1792	 9.186353
1785	 9.151978
1779	 8.970933
1773	 8.717786
1770	 8.396555
1760	 7.925381
1754	 7.594271
1748	 7.260889
1742	 6.917996
1740	 6.652358
1730	 6.442989
1724	 6.275896
1718	 6.136894
1710	 6.011599
1706	 5.922252
1700	 5.89141
1690	 5.852931
1689	 5.833057
1683	 5.838919
1677	 5.83733
1672	 5.877333
1666	 5.921129
1661	 5.984346
1655	 6.051599
1650	 6.161329
1644	 6.267897
1640	 6.356022
1634	 6.49083
1628	 6.661411
1623	 6.805816
1618	 6.989946
1612	 7.19526
1607	 7.381863
1602	 7.608851
1597	 7.868735
1592	 8.130252
1587	 8.4726
1582	 8.817112
1577	 9.163808
1572	 9.51271
1567	 9.944032
1562	 10.458567
1557	 10.976405
1552	 11.659519
1548	 12.176715
1543	 12.786261
1538	 13.8083
1533	 14.591088
1529	 15.368942
1524	 16.079017
1519	 17.04195
1515	 18.082301
1510	 19.224049
1506	 20.443298
1501	 21.599757
1497	 22.916627
1492	 24.08835
1488	 25.75768
1484	 26.927936
1479	 28.208484
1474	 29.668228
1470	 30.603813
1466	 31.544503
1462	 32.404388
1457	 32.688087
1453	 32.778075
1449	 32.69511
1445	 32.524722
1440	 32.201323
1437	 32.006203
1432	 31.064909
1428	 30.271928
1424	 29.121504
1420	 27.699111
1416	 26.357429
1412	 24.652156
1408	 22.312447
1404	 19.690893
1400	 16.964599
1396	 13.952631
1392	 11.013629
1388	 8.781973
1385	 7.204114
1381	 5.987452
1377	 5.183514
1373	 4.640313
1369	 4.222447
1366	 3.955739
1362	 3.72747
1358	 3.553377
1355	 3.394311
1351	 3.236933
1347	 3.097279
1344	 2.889143
1340	 2.700832
1336	 2.539611
1333	 2.356784
1329	 2.203133
1326	 2.04701
1322	 1.910621
1319	 1.791113
1315	 1.672331
1312	 1.580374
1308	 1.489134
1305	 1.415522
1302	 1.351223
1298	 1.297299
1295	 1.251785
1292	 1.215787
1288	 1.180536
1285	 1.163734
1282	 1.137051
1278	 1.111111
1275	 1.103869
1272	 1.086714
1269	 1.079381
1265	 1.082794
1262	 1.085368
1259	 1.097935
1256	 1.100558
1253	 1.103193
1250	 1.115894
1246	 1.129561
1243	 1.142397
1240	 1.155295
1237	 1.158097
1234	 1.171096
1231	 1.184158
1228	 1.197284
1225	 1.200217
1222	 1.213447
1219	 1.216433
1216	 1.240102
1213	 1.243169
1210	 1.256637
1207	 1.25976
1204	 1.273336
1201	 1.266054
1199	 1.278646
1196	 1.281854
1193	 1.274544
1190	 1.267197
1187	 1.259813
1184	 1.252392
1182	 1.243879
1179	 1.236386
1176	 1.228854
1173	 1.231997
1171	 1.212639
1168	 1.204994
1165	 1.197311
1162	 1.189588
1160	 1.169972
1157	 1.140423
1154	 1.09983
1152	 1.040653
1149	 0.949313
1146	 0.859689
1144	 0.753543
1141	 0.651997
1139	 0.557157
1136	 0.471239
1133	 0.403721
1131	 0.353325
1128	 0.316387
1126	 0.289049
1123	 0.271917
1121	 0.257829
1118	 0.245033
1116	 0.235338
1113	 0.233714
1111	 0.225086
1108	 0.216622
1106	 0.207925
1103	 0.200515
1101	 0.19289
1098	 0.18655
1096	 0.177718
1094	 0.171151
1091	 0.165862
1089	 0.160397
1087	 0.156068
1084	 0.151863
1082	 0.147498
1080	 0.144281
1077	 0.143516
1075	 0.141445
1073	 0.140537
1070	 0.140931
1068	 0.141195
1066	 0.142639
1063	 0.144224
1061	 0.14568
1059	 0.149515
1057	 0.152176
1054	 0.156185
1052	 0.16126
1050	 0.166355
1048	 0.171469
1046	 0.179005
1043	 0.186749
1041	 0.19435
1039	 0.201981
1037	 0.210853
1035	 0.21976
1033	 0.229917
1030	 0.239127
1028	 0.250594
1026	 0.262106
1024	 0.272435
1022	 0.284034
1020	 0.295679
1018	 0.308604
1016	 0.319107
1014	 0.32965
1012	 0.340236
1010	 0.352107
1008	 0.364026
1006	 0.375992
1004	 0.386754
1002	 0.396305
1000	 0.40715
998	 0.41678
996	 0.426449
994	 0.436157
992	 0.44337
990	 0.453151
988	 0.460428
986	 0.467734
984	 0.473793
982	 0.478597
980	 0.482138
978	 0.485694
976	 0.486689
974	 0.486399
973	 0.484315
971	 0.48143
969	 0.478534
967	 0.475625
965	 0.470099
963	 0.463246
961	 0.453749
960	 0.438514
958	 0.418442
956	 0.393028
954	 0.362238
952	 0.327359
950	 0.297625
949	 0.270131
947	 0.246816
945	 0.228721
943	 0.21055
941	 0.196308
940	 0.181811
938	 0.168802
936	 0.155737
935	 0.146496
933	 0.137382
931	 0.128093
929	 0.119441
928	 0.11131
926	 0.104222
924	 0.098192
922	 0.09268
921	 0.088006
919	 0.084095
917	 0.080852
916	 0.077922
914	 0.075618
912	 0.073579
911	 0.071867
909	 0.070366
907	 0.068997
906	 0.067686
904	 0.066724
902	 0.065618
901	 0.064575
899	 0.063601
898	 0.062692
896	 0.06185
895	 0.060936
893	 0.060088
891	 0.059235
890	 0.058314
888	 0.057454
887	 0.056527
885	 0.055661
883	 0.054649
882	 0.053856
880	 0.052979
879	 0.052038
877	 0.051154
876	 0.050495
874	 0.049604
873	 0.048941
871	 0.048332
870	 0.047521
868	 0.047052
866	 0.04658
865	 0.046052
864	 0.045524
862	 0.045047
861	 0.044661
859	 0.044326
858	 0.043792
856	 0.043601
855	 0.043064
853	 0.042723
851	 0.042232
850	 0.041986
849	 0.042036
848	 0.041493
846	 0.041145
845	 0.040748
843	 0.040397
842	 0.039997
840	 0.039494
839	 0.039092
838	 0.038539
836	 0.037879
835	 0.037022
833	 0.036055
832	 0.034588
831	 0.032966
829	 0.031075
828	 0.029139
826	 0.027689
825	 0.026199
824	 0.025163
822	 0.02446
821	 0.023878
820	 0.023294
818	 0.023043
817	 0.022764
816	 0.022484
814	 0.02223
813	 0.022103
812	 0.021976
810	 0.021875
809	 0.021902
808	 0.021773
807	 0.021956
805	 0.022011
804	 0.022038
803	 0.022222
801	 0.022434
800	 0.022462
799	 0.022805
797	 0.023178
796	 0.023365
795	 0.023552
794	 0.02374
792	 0.024117
791	 0.024465
790	 0.024656
789	 0.025005
787	 0.025229
786	 0.02558
785	 0.025933
784	 0.026127
783	 0.02632
781	 0.026549
780	 0.026905
779	 0.027101
778	 0.027297
776	 0.027529
775	 0.027565
774	 0.027763
773	 0.027799
772	 0.027998
770	 0.028234
769	 0.02827
768	 0.028307
767	 0.028344
766	 0.028545
765	 0.028582
763	 0.028657
762	 0.028695
761	 0.028733
760	 0.028605
759	 0.028643
758	 0.028681
756	 0.028756
755	 0.028794
754	 0.028666
753	 0.028704
752	 0.028575
751	 0.028613
750	 0.028484
748	 0.02856
747	 0.02843
746	 0.028468
745	 0.028338
744	 0.028376
743	 0.028245
742	 0.028113
741	 0.027982
740	 0.02768
739	 0.027377
738	 0.026733
736	 0.026123
735	 0.025304
734	 0.024482
733	 0.023144
732	 0.021974
731	 0.020801
730	 0.019624
729	 0.018444
728	 0.017607
727	 0.016646
726	 0.015924
725	 0.015253
724	 0.014667
723	 0.014061
722	 0.013489
721	 0.01295
719	 0.012427
718	 0.011901
717	 0.01141
716	 0.010952
715	 0.010492
714	 0.010067
713	 0.009694
712	 0.009301
711	 0.008979
710	 0.008655
709	 0.008401
708	 0.008147
707	 0.007927
706	 0.007725
705	 0.007522
704	 0.007354
703	 0.00715
702	 0.006981
701	 0.00683
700	 0.006678
699	 0.006526
698	 0.006391
697	 0.006256
696	 0.006139
695	 0.006021
694	 0.005921
693	 0.005803
692	 0.00572
691	 0.005638
690	 0.005536
689.7	 0.00543
689	 0.005362
688	 0.005315
687	 0.00525
686	 0.005202
685	 0.005173
684	 0.005126
683	 0.005078
682	 0.00503
681	 0.005038
680	 0.005008
679	 0.004978
678	 0.00493
677	 0.0049
676	 0.004908
676	 0.004852
675	 0.004859
674	 0.00481
673	 0.00478
672	 0.004768
671	 0.004757
670	 0.004745
669	 0.004734
668	 0.004665
667	 0.004672
667	 0.004654